750
0 51
62
127
274
377
400
576
594
719
459 118
217
3
16
661 199
213
222
355 410
514
560
428 695
741
869
765 927
977 996
807
108 44
104 131
145
215 224
260
337 424
458 542
707
768
566 769
828 858
873 993
1
298
638
4
28
90
144 95
195 432
530
501 872
189
192
299
367
368 386
792
612 934
947 949
969
997
998
988 2
67 88
268
292
435
188 529
534 544
572 615
658
677
819
759 841
866 929
83
926
81
300
329
404
539
723
321 810
914
12 71
119 227
228
251
334
360
467
327 471
499
532
663
743
711 861
877
279
19
43
48
110
15 114
168 171
352
338 422
721 801
811
896
972
960 999
179
301
182 307
541
601 783
970
89
26 128
136
315
288 395
446
474 490
650
852
889
924
966
387
389
412
425
440
673 698
916 974
36 47
138 147
229
254
497
516
536
667
682
263 744
831
814 909
115 207
255
453
285 475
513 689
17
348
291 452
992
34
991 65
265
313
365 402
589 628
646
679
802
660 816
821
921
87
835 158
164
561
746
273 751
554
559
611
641
7
76 99
125
314
550
244 553
570
614
880
951
167
625 270
271 469
520
481 590
767
619 789
799
823
867
11
209
982 465
588
511 603
613
680
754
779
878
963
753 995
78
85 116
225
350 376
393
629
729
747
812
668 897
922
968 973
35
50
75
91 190
204 383
479
616
648
755
775
804
445 833
847 242
284
286
340
500
739
778
415 881
294
396
324 401
409 517
557
620 681
716 800
850
837 853
52 146
378
460
335 470
494 871
5
70
434 105
148
275
411
423
433
248 495
565
503 940
235
347
249 840
931
857 455
948
132
276
311
610
652
133 797
815
939
73
468
502
403 537
780
634 808
820
860
955
956 965
236 80
173 198
247
267
416
596
655
671
776
700 794
964
941 18
21
203
53 437
546
627
784
662 817
849
868 904
121
159
954
957 97
241
302
218 353
391
507
583 6
25
77
40 124
364
473
656
704
169 59
234 535
678
369
912 390
706
888
943 32
68 304
332
354
370
492 528
714 979
186
166
328
180 343
381
398 414
466 482
504
728
942
571 980
281
175 524
745
777
994
174
129 447
462
106
8 388
406
408 518
647
564 825
894 117
176
356
429
506
150 705
793 919
323
489
161 522
549
113
952 152
196
463
444 498
515
510 624
735 838
27 862
864
278
256 318
509
525 527
584
649
734
666 884
272
308
358
64 664
730
120
156 339
456
112
177
512 737
100
178
231 295
543 622
986
795 200
399 417
567
496 633
727
830
842
140
477
126 600
718
724
725
887
726 57
480
604
306 675
713
870
885 915
9
961 585
644
665 670
903 930
60
243 330
22
879 102
221 246
436
484 573
962
781 985
184
187
94 464
569
595 710
720 918
959
82 163
216
183 297
325
385 407
478 635
771
818 984
239
153 262
287
371 392
457
708
803
886
237 266
555
618 651
910 911
10 449
165 214
538
170
151 394
421
439
563 598
893
280 157
201
344 373
756
760 846
310 487
752 782
14
45
990 206
907
526
876 562
579 699
859
971
813 454
645
824 883
987
320
333
580 581
597
855
349
38
609 69
101 185
211
551
736
154
483
438 259
533
732
742
13
485
508
763 637
672
761
809
111
967 130
139
290 405
451
630 832
342
863
24
331 252
578 20
230
162 336
531
848
240
774 345
420
575
895
540
631 683
491
626
521 770
892 946
107
488
905
431
606
709 686
712
790
31 238
738
844
264 920
975
92
37 250
548 617
978
23
684 443
640
599 674
74
796 143
568 715
839
476 269
592
96 137
141
702
261
587 289
694
925
935
938
277
319
72 363
397
623
836
98
193
923
944
54 697
787
829
135
208
577 547
899
316
79 413
450
701 636
936
788 384
785
900
379
493
687
851
632 322
740 30
197
66 586
283
39
523 257
786
56
593
61 582
149
890
983
856 762
953 93
366 937
309
688
519
874
764
33
826
296
605
722
172 49
123 806
913
305
827
181
621
950
194
749 798
898 901
109
685 882
772
891 46
908
643 932
84 359
766
361
602
220
326
757
791
233
245
380
958 382
293
202
472
63
505
41
341 659
591
122
607 223
303
669
865
219
750 55
372 773
696 427
654
917
155 461
29
86 552
441
642
103
676 375
442
854
822
843
690
226 608
989
748
845
703 981
232
556
486
430
160 945
692
693
312
733
374
426 758
906
834 558
282
933
42
717 731
253 653
928 134
351
362
875
346
574
205
419 545
210
142
448
657 418
58 805
357
639
691
191 902
212
258
317
976
